Magnetite from refractiveinfo.org
1 2 3 0 0 = columns for wave, Re(n), Im(n), eps1, eps2
wave(um) Re(n)  Im(n)    eps1   eps2
0.21	2.256	0.085	5.082311	0.38352
0.22	2.305	0.109	5.301144	0.50249
0.23	2.337	0.118	5.447645	0.551532
0.24	2.364	0.12	5.574096	0.56736
0.25	2.387	0.114	5.684773	0.544236
0.26	2.4	0.102	5.749596	0.4896
0.27	2.404	0.092	5.770752	0.442336
0.28	2.401	0.085	5.757576	0.40817
0.29	2.397	0.088	5.737865	0.421872
0.3	2.398	0.091	5.742123	0.436436
0.31	2.398	0.096	5.741188	0.460416
0.32	2.403	0.103	5.7638	0.495018
0.33	2.409	0.105	5.792256	0.50589
0.34	2.415	0.108	5.820561	0.52164
0.35	2.422	0.111	5.853763	0.537684
0.36	2.434	0.112	5.911812	0.545216
0.37	2.447	0.108	5.976145	0.528552
0.38	2.459	0.096	6.037465	0.472128
0.39	2.464	0.08	6.064896	0.39424
0.4	2.462	0.062	6.0576	0.305288
0.41	2.453	0.047	6.015	0.230582
0.42	2.44	0.034	5.952444	0.16592
0.43	2.423	0.026	5.870253	0.125996
0.44	2.404	0.026	5.77854	0.125008
0.45	2.386	0.032	5.691972	0.152704
0.46	2.374	0.042	5.634112	0.199416
0.47	2.367	0.054	5.599773	0.255636
0.48	2.365	0.063	5.589256	0.29799
0.49	2.364	0.067	5.584007	0.316776
0.5	2.359	0.071	5.55984	0.334978
0.51	2.354	0.077	5.535387	0.362516
0.52	2.349	0.083	5.510912	0.389934
0.53	2.346	0.091	5.495435	0.426972
0.54	2.344	0.099	5.484535	0.464112
0.55	2.343	0.105	5.478624	0.49203
0.56	2.342	0.112	5.47242	0.524608
0.57	2.342	0.118	5.47104	0.552712
0.58	2.342	0.125	5.469339	0.5855
0.59	2.344	0.131	5.477175	0.614128
0.6	2.346	0.136	5.48522	0.638112
0.61	2.35	0.141	5.502619	0.6627
0.62	2.353	0.144	5.515873	0.677664
0.63	2.358	0.148	5.53826	0.697968
0.64	2.366	0.145	5.576931	0.68614
0.65	2.366	0.138	5.578912	0.653016
0.66	2.363	0.137	5.565	0.647462
0.67	2.364	0.135	5.570271	0.63828
0.68	2.362	0.131	5.561883	0.618844
0.69	2.359	0.127	5.548752	0.599186
0.7	2.355	0.124	5.530649	0.58404
0.71	2.349	0.122	5.502917	0.573156
0.72	2.343	0.12	5.475249	0.56232
0.73	2.336	0.119	5.442735	0.555968
0.74	2.329	0.118	5.410317	0.549644
0.75	2.32	0.118	5.368476	0.54752
0.76	2.312	0.119	5.331183	0.550256
0.77	2.303	0.12	5.289409	0.55272
0.78	2.294	0.123	5.247307	0.564324
0.79	2.284	0.128	5.200272	0.584704
0.8	2.279	0.134	5.175885	0.610772
0.81	2.272	0.134	5.144028	0.608896
0.82	2.262	0.138	5.0976	0.624312
0.83	2.253	0.143	5.05556	0.644358
0.84	2.245	0.149	5.017824	0.66901
0.85	2.236	0.155	4.975671	0.69316
0.86	2.229	0.161	4.94252	0.717738
0.87	2.222	0.167	4.909395	0.742148
0.88	2.213	0.173	4.86744	0.765698
0.89	2.205	0.181	4.829264	0.79821
0.9	2.196	0.189	4.786695	0.830088
0.91	2.189	0.198	4.752517	0.866844
0.92	2.182	0.207	4.718275	0.903348
0.93	2.175	0.215	4.6844	0.93525
0.94	2.168	0.223	4.650495	0.966928
0.95	2.159	0.234	4.606525	1.010412
0.96	2.153	0.244	4.575873	1.050664
0.97	2.146	0.255	4.540291	1.09446
0.98	2.139	0.267	4.504032	1.142226
0.99	2.134	0.28	4.475556	1.19504
1	2.13	0.292	4.451636	1.24392
1.01	2.125	0.305	4.4226	1.29625
1.02	2.122	0.317	4.402395	1.345348
1.03	2.119	0.329	4.38192	1.394302
1.04	2.116	0.341	4.361175	1.443112
1.05	2.114	0.353	4.344387	1.492484
1.06	2.112	0.365	4.327319	1.54176
1.07	2.11	0.377	4.309971	1.59094
1.08	2.108	0.389	4.292343	1.640024
1.09	2.107	0.401	4.278648	1.689814
1.1	2.106	0.413	4.264667	1.739556
1.11	2.104	0.424	4.24704	1.784192
1.12	2.103	0.437	4.23164	1.838022
1.13	2.102	0.45	4.215904	1.8918
1.14	2.102	0.462	4.20496	1.942248
1.15	2.102	0.475	4.192779	1.9969
1.16	2.102	0.487	4.181235	2.047348
1.17	2.103	0.5	4.172609	2.103
1.18	2.104	0.512	4.164672	2.154496
1.19	2.103	0.525	4.146984	2.20815
1.2	2.106	0.542	4.141472	2.282904
1.21	2.114	0.554	4.16208	2.342312
1.22	2.117	0.564	4.163593	2.387976
1.23	2.12	0.574	4.164924	2.43376
1.24	2.123	0.584	4.166073	2.479664
1.25	2.126	0.595	4.165851	2.52994
1.26	2.129	0.605	4.166616	2.57609
1.27	2.132	0.616	4.165968	2.626624
1.28	2.135	0.626	4.166349	2.67302
1.29	2.139	0.637	4.169552	2.725086
1.3	2.143	0.647	4.17384	2.773042
1.31	2.146	0.657	4.173667	2.819844
1.32	2.149	0.667	4.173312	2.866766
1.33	2.153	0.678	4.175725	2.919468
1.34	2.158	0.688	4.18362	2.969408
1.35	2.162	0.698	4.18704	3.018152
1.36	2.166	0.708	4.190292	3.067056
1.37	2.171	0.718	4.197717	3.117556
1.38	2.176	0.728	4.204992	3.168256
1.39	2.181	0.737	4.213592	3.214794
1.4	2.186	0.747	4.220587	3.265884
1.41	2.192	0.757	4.231815	3.318688
1.42	2.198	0.765	4.245979	3.36294
1.43	2.203	0.774	4.254133	3.410244
1.44	2.209	0.783	4.266592	3.459294
1.45	2.215	0.791	4.280544	3.50413
1.46	2.221	0.8	4.292841	3.5536
1.47	2.227	0.808	4.306665	3.598832
1.48	2.233	0.816	4.320433	3.644256
1.49	2.24	0.824	4.338624	3.69152
1.5	2.246	0.831	4.353955	3.732852
1.51	2.252	0.839	4.367583	3.778856
1.52	2.259	0.846	4.387365	3.822228
1.53	2.265	0.852	4.404321	3.85956
1.54	2.27	0.86	4.4133	3.9044
1.55	2.278	0.867	4.437595	3.950052
1.56	2.284	0.872	4.456272	3.983296
1.57	2.29	0.879	4.471459	4.02582
1.58	2.295	0.885	4.4838	4.06215
1.59	2.301	0.892	4.498937	4.104984
1.6	2.308	0.898	4.52046	4.145168
1.61	2.314	0.904	4.53738	4.183712
1.62	2.319	0.91	4.549661	4.22058
1.63	2.325	0.917	4.564736	4.26405
1.64	2.331	0.923	4.581632	4.303026
1.65	2.337	0.929	4.598528	4.342146
1.66	2.343	0.935	4.615424	4.38141
1.67	2.35	0.942	4.635136	4.4274
1.68	2.357	0.947	4.65864	4.464158
1.69	2.364	0.953	4.680287	4.505784
1.7	2.371	0.959	4.70196	4.547578
1.71	2.378	0.964	4.725588	4.584784
1.72	2.385	0.969	4.749264	4.62213
1.73	2.391	0.974	4.768205	4.657668
1.74	2.398	0.979	4.791963	4.695284
1.75	2.405	0.983	4.817736	4.72823
1.76	2.412	0.987	4.843575	4.761288
1.77	2.419	0.991	4.86948	4.794458
1.78	2.425	0.996	4.888609	4.8306
1.79	2.432	1	4.914624	4.864
1.8	2.441	1.003	4.952472	4.896646
1.81	2.446	1.004	4.9749	4.911568
1.82	2.451	1.008	4.991337	4.941216
1.83	2.457	1.012	5.012705	4.972968
1.84	2.464	1.015	5.041071	5.00192
1.85	2.471	1.017	5.071552	5.026014
1.86	2.474	1.017	5.086387	5.032116
1.87	2.475	1.021	5.083184	5.05395
1.88	2.48	1.028	5.093616	5.09888
1.89	2.487	1.033	5.11808	5.138142
1.9	2.492	1.037	5.134695	5.168408
1.91	2.498	1.041	5.156323	5.200836
1.92	2.504	1.044	5.18008	5.228352
1.93	2.51	1.048	5.201796	5.26096
1.94	2.515	1.052	5.218521	5.29156
1.95	2.521	1.056	5.240305	5.324352
1.96	2.527	1.058	5.266365	5.347132
1.97	2.532	1.061	5.285303	5.372904
1.98	2.536	1.065	5.297071	5.40168
1.99	2.539	1.069	5.30376	5.428382
2	2.545	1.08	5.310625	5.4972
2.01	2.558	1.084	5.368308	5.545744
2.02	2.566	1.085	5.407131	5.56822
2.03	2.573	1.086	5.440933	5.588556
2.04	2.58	1.088	5.472656	5.61408
2.05	2.586	1.089	5.501475	5.632308
2.06	2.592	1.09	5.530364	5.65056
2.07	2.597	1.092	5.551945	5.671848
2.08	2.603	1.094	5.578773	5.695364
2.09	2.608	1.095	5.602639	5.71152
2.1	2.613	1.097	5.62436	5.732922
2.11	2.619	1.099	5.65136	5.756562
2.12	2.624	1.1	5.675376	5.7728
2.13	2.629	1.102	5.697237	5.794316
2.14	2.633	1.104	5.713873	5.813664
2.15	2.638	1.106	5.735808	5.835256
2.16	2.643	1.109	5.755568	5.862174
2.17	2.648	1.11	5.779804	5.87856
2.18	2.653	1.112	5.801865	5.900272
2.19	2.657	1.114	5.818653	5.919796
2.2	2.662	1.116	5.840788	5.941584
2.21	2.666	1.118	5.857632	5.961176
2.22	2.671	1.121	5.8776	5.988382
2.23	2.675	1.124	5.892249	6.0134
2.24	2.68	1.127	5.912271	6.04072
2.25	2.685	1.131	5.930064	6.07347
2.26	2.693	1.134	5.966293	6.107724
2.27	2.699	1.136	5.994105	6.132128
2.28	2.706	1.137	6.029667	6.153444
2.29	2.713	1.137	6.0676	6.169362
2.3	2.718	1.137	6.094755	6.180732
2.31	2.722	1.137	6.116515	6.189828
2.32	2.726	1.138	6.136032	6.204376
2.33	2.73	1.14	6.1533	6.2244
2.34	2.735	1.142	6.176061	6.24674
2.35	2.741	1.144	6.204345	6.271408
2.36	2.747	1.144	6.237273	6.285136
2.37	2.751	1.144	6.259265	6.294288
2.38	2.754	1.145	6.273491	6.30666
2.39	2.758	1.146	6.293248	6.321336
2.4	2.763	1.147	6.31856	6.338322
2.41	2.767	1.149	6.336088	6.358566
2.42	2.771	1.151	6.35364	6.378842
2.43	2.776	1.152	6.379072	6.395904
2.44	2.78	1.154	6.396684	6.41624
2.45	2.785	1.156	6.419889	6.43892
2.46	2.791	1.157	6.451032	6.458374
2.47	2.797	1.157	6.48456	6.472258
2.48	2.801	1.157	6.506952	6.481514
2.49	2.805	1.158	6.527061	6.49638
2.5	2.811	1.158	6.560757	6.510276
2.5063	2.813	1.156	6.576633	6.503656
2.5126	2.812	1.158	6.56638	6.512592
2.5189	2.816	1.16	6.584256	6.53312
2.5253	2.818	1.158	6.60016	6.526488
2.5316	2.821	1.161	6.61012	6.550362
2.5381	2.826	1.161	6.638355	6.561972
2.5445	2.825	1.161	6.632704	6.55965
2.551	2.831	1.161	6.66664	6.573582
2.5575	2.833	1.16	6.680289	6.57256
2.5641	2.834	1.161	6.683635	6.580548
2.5707	2.837	1.162	6.698325	6.593188
2.5773	2.837	1.16	6.702969	6.58184
2.584	2.839	1.166	6.700365	6.620548
2.5907	2.844	1.163	6.735767	6.615144
2.5974	2.843	1.166	6.723093	6.629876
2.6042	2.851	1.168	6.763977	6.659936
2.611	2.852	1.165	6.776679	6.64516
2.6178	2.852	1.169	6.767343	6.667976
2.6247	2.857	1.167	6.80056	6.668238
2.6316	2.857	1.168	6.798225	6.673952
2.6385	2.863	1.168	6.832545	6.687968
2.6455	2.864	1.169	6.835935	6.696032
2.6525	2.867	1.171	6.848448	6.714514
2.6596	2.869	1.17	6.862261	6.71346
2.6667	2.87	1.173	6.860971	6.73302
2.6738	2.874	1.174	6.8816	6.748152
2.681	2.879	1.176	6.905665	6.771408
2.6882	2.883	1.174	6.933413	6.769284
2.6954	2.885	1.175	6.9426	6.77975
2.7027	2.888	1.176	6.957568	6.792576
2.71	2.894	1.176	6.99226	6.806688
2.7174	2.894	1.173	6.999307	6.789324
2.7248	2.895	1.176	6.998049	6.80904
2.7322	2.898	1.175	7.017779	6.8103
2.7397	2.9	1.176	7.027024	6.8208
2.7473	2.906	1.176	7.06186	6.834912
2.7548	2.905	1.175	7.0584	6.82675
2.7624	2.909	1.18	7.069881	6.86524
2.7701	2.913	1.176	7.102593	6.851376
2.7778	2.913	1.176	7.102593	6.851376
2.7855	2.917	1.179	7.118848	6.878286
2.7933	2.921	1.179	7.1422	6.887718
2.8011	2.923	1.177	7.1586	6.880742
2.809	2.922	1.178	7.1504	6.884232
2.8169	2.924	1.183	7.150287	6.918184
2.8249	2.93	1.185	7.180675	6.9441
2.8329	2.933	1.194	7.176853	7.004004
2.8409	2.936	1.185	7.215871	6.95832
2.849	2.941	1.184	7.247625	6.964288
2.8571	2.943	1.183	7.26176	6.963138
2.8653	2.945	1.185	7.2688	6.97965
2.8736	2.947	1.185	7.280584	6.98439
2.8918	2.952	1.187	7.305335	7.008048
2.8902	2.955	1.187	7.323056	7.01517
2.8986	2.961	1.186	7.360925	7.023492
2.907	2.96	1.182	7.364476	6.99744
2.9155	2.96	1.185	7.357375	7.0152
2.924	2.965	1.186	7.384629	7.03298
2.9326	2.967	1.186	7.396493	7.037724
2.9412	2.971	1.187	7.417872	7.053154
2.9499	2.971	1.185	7.422616	7.04127
2.9586	2.973	1.18	7.446329	7.01628
2.9674	2.979	1.189	7.46072	7.084062
2.9762	2.982	1.19	7.476224	7.09716
2.9851	2.986	1.189	7.502475	7.100708
2.994	2.988	1.19	7.512044	7.11144
3.003	2.993	1.188	7.546705	7.111368
3.012	2.992	1.187	7.543095	7.103008
3.0211	2.993	1.19	7.541949	7.12334
3.0303	2.998	1.193	7.564755	7.153228
3.0395	3.003	1.191	7.599528	7.153146
3.0488	3.004	1.19	7.607916	7.14952
3.0581	3.007	1.19	7.625949	7.15666
3.0675	3.007	1.191	7.623568	7.162674
3.0769	3.013	1.195	7.650144	7.20107
3.0864	3.016	1.192	7.675392	7.190144
3.096	3.018	1.193	7.685075	7.200948
3.1056	3.021	1.193	7.703192	7.208106
3.1153	3.024	1.191	7.726095	7.203168
3.125	3.025	1.193	7.727376	7.21765
3.1348	3.029	1.194	7.749205	7.233252
3.1447	3.033	1.195	7.771064	7.24887
3.1546	3.037	1.194	7.797733	7.252356
3.1646	3.039	1.191	7.81704	7.238898
3.1746	3.037	1.192	7.802505	7.240208
3.1847	3.04	1.196	7.811184	7.27168
3.1949	3.044	1.197	7.833127	7.287336
3.2051	3.046	1.197	7.845307	7.292124
3.2154	3.05	1.199	7.864899	7.3139
3.2258	3.055	1.198	7.897821	7.31978
3.2362	3.06	1.198	7.928396	7.33176
3.2468	3.062	1.194	7.950208	7.312056
3.2573	3.063	1.195	7.953944	7.32057
3.268	3.065	1.196	7.963809	7.33148
3.2787	3.066	1.195	7.972331	7.32774
3.2895	3.067	1.199	7.968888	7.354666
3.3003	3.075	1.199	8.018024	7.37385
3.3113	3.074	1.2	8.009476	7.3776
3.3223	3.08	1.203	8.039191	7.41048
3.3333	3.085	1.199	8.079624	7.39783
3.3445	3.084	1.198	8.075852	7.389264
3.3557	3.09	1.202	8.103296	7.42836
3.367	3.093	1.198	8.131445	7.410828
3.3784	3.094	1.201	8.130435	7.431788
3.3898	3.097	1.201	8.149008	7.438994
3.4014	3.101	1.201	8.1738	7.448602
3.413	3.101	1.201	8.1738	7.448602
3.4247	3.107	1.205	8.201424	7.48787
3.4364	3.113	1.199	8.253168	7.464974
3.4483	3.112	1.197	8.251735	7.450128
3.4602	3.114	1.2	8.256996	7.4736
3.4722	3.117	1.2	8.275689	7.4808
3.4843	3.118	1.201	8.279523	7.489436
3.4965	3.123	1.202	8.308325	7.507692
3.5088	3.125	1.202	8.320821	7.5125
3.5211	3.127	1.201	8.335728	7.511054
3.5336	3.129	1.201	8.34824	7.515858
3.5461	3.132	1.202	8.36462	7.529328
3.5587	3.135	1.201	8.385824	7.53027
3.5714	3.137	1.2	8.400769	7.5288
3.5842	3.137	1.202	8.395965	7.541348
3.5971	3.139	1.206	8.398885	7.571268
3.6101	3.148	1.208	8.45064	7.605568
3.6232	3.152	1.203	8.487895	7.583712
3.6364	3.151	1.203	8.481592	7.581306
3.6496	3.153	1.204	8.491793	7.592424
3.663	3.153	1.205	8.489384	7.59873
3.6765	3.159	1.209	8.5176	7.638462
3.69	3.161	1.206	8.537485	7.624332
3.7037	3.163	1.21	8.540469	7.65446
3.7175	3.168	1.21	8.572124	7.66656
3.7313	3.171	1.21	8.591141	7.67382
3.7453	3.173	1.207	8.61108	7.659622
3.7594	3.175	1.212	8.611681	7.6962
3.7736	3.18	1.213	8.641031	7.71468
3.7879	3.182	1.213	8.653755	7.719532
3.8023	3.188	1.215	8.687119	7.74684
3.8168	3.193	1.211	8.728728	7.733446
3.8314	3.193	1.209	8.733568	7.720674
3.8462	3.194	1.211	8.735115	7.735868
3.861	3.196	1.213	8.743047	7.753496
3.876	3.2	1.219	8.754039	7.8016
3.8911	3.207	1.215	8.808624	7.79301
3.9063	3.208	1.212	8.82232	7.776192
3.9216	3.211	1.212	8.841577	7.783464
3.937	3.213	1.212	8.854425	7.788312
3.9526	3.216	1.216	8.864	7.821312
3.9683	3.219	1.215	8.885736	7.82217
3.9841	3.22	1.214	8.894604	7.81816
4	3.221	1.215	8.898616	7.82703
4.0161	3.226	1.219	8.921115	7.864988
4.0323	3.232	1.219	8.959863	7.879616
4.0486	3.233	1.219	8.966328	7.882054
4.065	3.238	1.22	8.996244	7.90072
4.0816	3.239	1.219	9.00516	7.896682
4.0984	3.245	1.221	9.039184	7.92429
4.1152	3.247	1.218	9.059485	7.909692
4.1322	3.249	1.221	9.06516	7.934058
4.1494	3.253	1.22	9.093609	7.93732
4.1667	3.255	1.219	9.109064	7.93569
4.1841	3.256	1.219	9.115575	7.938128
4.2373	3.269	1.223	9.190632	7.995974
4.2017	3.26	1.224	9.129424	7.98048
4.2194	3.268	1.225	9.179199	8.0066
4.2553	3.273	1.226	9.209453	8.025396
4.2735	3.279	1.222	9.258557	8.013876
4.2918	3.28	1.223	9.262671	8.02288
4.3103	3.285	1.222	9.297941	8.02854
4.329	3.285	1.221	9.300384	8.02197
4.3478	3.287	1.224	9.306193	8.046576
4.3668	3.292	1.223	9.341535	8.052232
4.386	3.293	1.22	9.355449	8.03492
4.4053	3.295	1.224	9.358849	8.06616
4.4248	3.299	1.223	9.387672	8.069354
4.4444	3.3	1.225	9.389375	8.085
4.4643	3.306	1.227	9.424107	8.112924
4.4843	3.308	1.224	9.444688	8.097984
4.5045	3.308	1.225	9.442239	8.1046
4.5249	3.314	1.228	9.474612	8.139184
4.5455	3.317	1.227	9.49696	8.139918
4.5662	3.318	1.229	9.498683	8.155644
4.5872	3.324	1.231	9.533615	8.183688
4.6083	3.33	1.229	9.578459	8.18514
4.6296	3.33	1.228	9.580916	8.17848
4.6512	3.333	1.23	9.595989	8.19918
4.6729	3.337	1.229	9.625128	8.202346
4.6948	3.338	1.231	9.626883	8.218156
4.717	3.344	1.232	9.664512	8.239616
4.7393	3.345	1.23	9.676125	8.2287
4.7619	3.346	1.233	9.675427	8.251236
4.7847	3.351	1.236	9.701505	8.283672
4.8077	3.357	1.236	9.741753	8.298504
4.8309	3.36	1.236	9.761904	8.30592
4.8544	3.366	1.235	9.804731	8.31402
4.878	3.369	1.235	9.824936	8.32143
4.902	3.373	1.234	9.854373	8.324564
4.9261	3.375	1.231	9.875264	8.30925
4.9505	3.377	1.232	9.886305	8.320928
4.9751	3.382	1.234	9.915168	8.346776
5	3.388	1.231	9.963183	8.341256
5.0251	3.386	1.226	9.96192	8.302472
5.0505	3.386	1.227	9.959467	8.309244
5.0761	3.387	1.228	9.963785	8.318472
5.102	3.388	1.232	9.96072	8.348032
5.1282	3.393	1.234	9.989693	8.373924
5.1546	3.395	1.234	10.003269	8.37886
5.1813	3.397	1.234	10.016853	8.383796
5.2083	3.401	1.236	10.039105	8.407272
5.2356	3.404	1.237	10.057047	8.421496
5.2632	3.409	1.238	10.088637	8.440684
5.291	3.41	1.236	10.100404	8.42952
5.3191	3.411	1.239	10.0998	8.452458
5.3476	3.415	1.24	10.124625	8.4692
5.3763	3.42	1.24	10.1588	8.4816
5.4054	3.419	1.239	10.15444	8.472282
5.4348	3.422	1.243	10.165035	8.507092
5.4645	3.426	1.244	10.18994	8.523888
5.4945	3.43	1.244	10.217364	8.53384
5.5249	3.432	1.245	10.228599	8.54568
5.5556	3.435	1.246	10.246709	8.56002
5.5866	3.44	1.247	10.278591	8.57936
5.618	3.441	1.247	10.285472	8.581854
5.6497	3.443	1.25	10.291749	8.6075
5.6818	3.447	1.251	10.316808	8.624394
5.7143	3.452	1.253	10.346295	8.650712
5.7471	3.456	1.254	10.37142	8.667648
5.7803	3.459	1.252	10.397177	8.661336
5.814	3.459	1.253	10.394672	8.668254
5.848	3.463	1.255	10.417344	8.69213
5.8824	3.466	1.259	10.428075	8.727388
5.9172	3.471	1.256	10.470305	8.719152
5.9524	3.471	1.258	10.465277	8.733036
5.988	3.476	1.26	10.494976	8.75952
6.0241	3.479	1.257	10.523392	8.746206
6.0606	3.479	1.261	10.51332	8.774038
6.0976	3.483	1.261	10.541168	8.784126
6.135	3.487	1.263	10.564	8.808162
6.1728	3.488	1.263	10.570975	8.810688
6.2112	3.491	1.267	10.581792	8.846194
6.25	3.496	1.27	10.609116	8.87984
6.2893	3.5	1.269	10.639639	8.883
6.3291	3.503	1.27	10.658109	8.89762
6.3694	3.506	1.268	10.684212	8.891216
6.4103	3.505	1.27	10.672125	8.9027
6.4516	3.507	1.273	10.67852	8.928822
6.4935	3.512	1.278	10.70086	8.976672
6.5359	3.52	1.276	10.762224	8.98304
6.5789	3.518	1.277	10.745595	8.984972
6.6225	3.524	1.279	10.782735	9.014392
6.6667	3.524	1.279	10.782735	9.014392
6.7114	3.528	1.282	10.80326	9.045792
6.7568	3.53	1.28	10.8225	9.0368
6.8027	3.532	1.282	10.8315	9.056048
6.8493	3.532	1.284	10.826368	9.070176
6.8966	3.536	1.29	10.839196	9.12288
6.9444	3.541	1.289	10.87716	9.128698
6.993	3.543	1.29	10.888749	9.14094
7.0423	3.544	1.291	10.893255	9.150608
7.0922	3.548	1.293	10.916455	9.175128
7.1429	3.549	1.294	10.920965	9.184812
7.1942	3.55	1.298	10.917696	9.2158
7.2464	3.552	1.301	10.924103	9.242304
7.2993	3.558	1.304	10.958948	9.279264
7.3529	3.559	1.303	10.968672	9.274754
7.4074	3.563	1.305	10.991944	9.29943
7.4627	3.563	1.307	10.98672	9.313682
7.5188	3.567	1.307	11.01524	9.324138
7.5758	3.565	1.309	10.995744	9.33317
7.6336	3.567	1.312	11.002145	9.359808
7.6923	3.568	1.315	11.001399	9.38384
7.7519	3.569	1.319	10.998	9.415022
7.8125	3.572	1.324	11.006208	9.458656
7.874	3.574	1.324	11.0205	9.463952
7.9365	3.574	1.327	11.012547	9.485396
8	3.574	1.331	11.001915	9.513988
8.0645	3.577	1.338	11.004685	9.572052
8.1301	3.582	1.338	11.04048	9.585432
8.1967	3.58	1.34	11.0208	9.5944
8.2645	3.579	1.346	10.997525	9.634668
8.3333	3.583	1.352	11.009985	9.688432
8.4034	3.585	1.354	11.018909	9.70818
8.4746	3.585	1.356	11.013489	9.72252
8.547	3.582	1.363	10.972955	9.764532
8.6207	3.583	1.37	10.960989	9.81742
8.6957	3.587	1.374	10.978693	9.857076
8.7719	3.59	1.378	10.989216	9.89404
8.8496	3.587	1.381	10.959408	9.907294
8.9286	3.588	1.392	10.93608	9.988992
9.009	3.59	1.397	10.936491	10.03046
9.0909	3.594	1.403	10.948427	10.084764
9.1743	3.592	1.405	10.928439	10.09352
9.2593	3.589	1.415	10.878696	10.15687
9.3458	3.592	1.424	10.874688	10.230016
9.434	3.593	1.431	10.861888	10.283166
9.5238	3.592	1.442	10.8231	10.359328
9.6154	3.601	1.451	10.8618	10.450102
9.7087	3.603	1.453	10.8704	10.470318
9.8039	3.603	1.46	10.850009	10.52076
9.901	3.601	1.464	10.823905	10.543728
10	3.601	1.479	10.77976	10.651758
10.101	3.606	1.485	10.798011	10.70982
10.2041	3.606	1.493	10.774187	10.767516
10.3093	3.607	1.502	10.754445	10.835428
10.4167	3.609	1.51	10.744781	10.89918
10.5263	3.609	1.518	10.720557	10.956924
10.6383	3.612	1.525	10.720919	11.0166
10.7527	3.609	1.532	10.677857	11.057976
10.8696	3.606	1.542	10.625472	11.120904
10.989	3.604	1.554	10.5739	11.201232
11.1111	3.605	1.563	10.553056	11.26923
11.236	3.599	1.573	10.478472	11.322454
11.3636	3.598	1.586	10.430208	11.412856
11.4943	3.595	1.595	10.38	11.46805
11.6279	3.587	1.609	10.277688	11.542966
11.7647	3.582	1.627	10.183595	11.655828
11.9048	3.577	1.641	10.102048	11.739714
12.0482	3.571	1.66	9.996441	11.85572
12.1951	3.569	1.677	9.925432	11.970426
12.3457	3.561	1.693	9.814472	12.057546
12.5	3.554	1.715	9.689691	12.19022
12.6582	3.546	1.735	9.563891	12.30462
12.8205	3.533	1.76	9.384489	12.43616
12.987	3.522	1.787	9.211115	12.587628
13.1579	3.509	1.821	8.99704	12.779778
13.3333	3.499	1.859	8.78712	13.009282
13.5135	3.491	1.903	8.565672	13.286746
13.6986	3.489	1.947	8.382312	13.586166
13.8889	3.491	1.991	8.223	13.901162
14.0845	3.493	2.033	8.06796	14.202538
14.2857	3.492	2.077	7.880135	14.505768
14.4928	3.492	2.129	7.661423	14.868936
14.7059	3.497	2.176	7.494033	15.218944
14.9254	3.494	2.228	7.244052	15.569264
15.1515	3.492	2.284	6.977408	15.951456
15.3846	3.484	2.348	6.625152	16.360864
15.625	3.468	2.427	6.136695	16.833672
15.873	3.47	2.53	5.64	17.5582
16.129	3.474	2.626	5.1728	18.245448
16.3934	3.454	2.761	4.306995	19.072988
16.6667	3.455	2.963	3.157656	20.47433
16.9492	3.514	3.249	1.792195	22.833972
17.2414	3.755	3.642	0.835861	27.35142
17.5439	4.372	3.907	3.849735	34.162808
17.8571	5.091	3.604	12.929465	36.695928
18.1818	5.314	2.966	19.44144	31.522648
18.5185	5.131	2.54	19.875561	26.06548
18.8679	4.902	2.383	18.350915	23.362932
19.2308	4.731	2.348	16.869257	22.216776
19.6078	4.613	2.365	15.686544	21.81949
20	4.524	2.402	14.696972	21.733296
20.4082	4.456	2.46	13.804336	21.92352
20.8333	4.413	2.535	13.048344	22.37391
21.2766	4.391	2.614	12.447885	22.956148
21.7391	4.38	2.694	11.926764	23.59944
22.2222	4.373	2.776	11.416953	24.278896
22.7273	4.371	2.867	10.885952	25.063314
23.2558	4.372	2.959	10.358703	25.873496
23.8095	4.362	3.078	9.55296	26.852472
24.3902	4.361	3.224	8.624145	28.119728
25	4.365	3.413	7.404656	29.79549
25.641	4.409	3.655	6.080256	32.22979
26.3158	4.484	3.958	4.440492	35.495344
27.027	4.668	4.392	2.50056	41.003712
27.7778	5.167	4.94	2.294289	51.04996
28.5714	6.308	5.21	12.646764	65.72936
29.4118	7.376	4.29	36.001276	63.28608
30.303	7.272	3.268	42.20216	47.529792
31.25	6.871	2.855	39.059616	39.23341
32.2581	6.567	2.776	35.419313	36.459984
33.3333	6.418	2.807	33.311475	36.030652
34.4828	6.342	2.858	32.0528	36.250872
35.7143	6.329	2.95	31.353741	37.3411
37.037	6.381	3.017	31.614872	38.502954
38.4615	6.416	3.058	31.813692	39.240256
40	6.485	3.185	31.911	41.30945
41.6667	6.677	3.226	34.175253	43.080004
43.4783	6.738	3.253	34.818635	43.837428
45.4545	6.933	3.357	36.79704	46.548162
47.619	7.124	3.331	39.655815	47.460088
50	7.341	3.4	42.330281	49.9188
52.6316	7.679	3.351	47.73784	51.464658
55.5556	7.943	3.209	52.793568	50.978174
